\begin{longtable}{l|rrrr}
\toprule
\multicolumn{1}{l}{} & IV1 & IV2 & IV3 & IV4 \\ 
\midrule
\multicolumn{5}{l}{Parameter} \\ 
\midrule
IV1 & 1.00000000 & 0.67082039 & 0.41833001 & 0.25000000 \\ 
IV2 & 0.67082039 & 1.80000000 & 0.28062430 & 0.67082039 \\ 
IV3 & 0.41833001 & 0.28062430 & 2.80000000 & 1.67332005 \\ 
IV4 & 0.25000000 & 0.67082039 & 1.67332005 & 4.00000000 \\ 
\midrule
\multicolumn{5}{l}{Sampled} \\ 
\midrule
IV1 & 0.13580061 & 0.08195510 & -0.16607185 & 0.09640778 \\ 
IV2 & 0.08195510 & 0.64261656 & -0.04569956 & -1.11854957 \\ 
IV3 & -0.16607185 & -0.04569956 & 2.05240296 & -1.27216522 \\ 
IV4 & 0.09640778 & -1.11854957 & -1.27216522 & 3.88941540 \\ 
\bottomrule
\end{longtable}

