\begin{longtable}{lrrrrrrrr}
\caption*{
{\large Table 1: Descriptive Statistics}
} \\ 
\toprule
 &  &  & \multicolumn{6}{c}{Correlations} \\ 
\cmidrule(lr){4-9}
Variable & Mean & Standard Deviation & ER & AS & SL & WE & SJ & MJ \\ 
\midrule
ER & $-0.0355$ & $1.1853$ & $1.0000$ & $0.4168$ & $0.1446$ & $0.2180$ & $0.3734$ & $0.3237$ \\ 
AS & $-0.0261$ & $1.4494$ & $0.4168$ & $1.0000$ & $0.1958$ & $0.2850$ & $0.3954$ & $0.3425$ \\ 
SL & $-0.0056$ & $1.5480$ & $0.1446$ & $0.1958$ & $1.0000$ & $0.3295$ & $0.3410$ & $0.2967$ \\ 
WE & $0.0144$ & $1.9211$ & $0.2180$ & $0.2850$ & $0.3295$ & $1.0000$ & $0.3586$ & $0.3188$ \\ 
SJ & $0.9963$ & $1.0090$ & $0.3734$ & $0.3954$ & $0.3410$ & $0.3586$ & $1.0000$ & $0.8773$ \\ 
MJ & $1.0000$ & $1.7571$ & $0.3237$ & $0.3425$ & $0.2967$ & $0.3188$ & $0.8773$ & $1.0000$ \\ 
\bottomrule
\end{longtable}

